% N=[1.08053012e+11, 1.51591081e+11, 1.97328770e+11, 2.52930478e+11, 3.07975226e+11, 3.64570530e+11, 4.22716390e+11, 4.82412807e+11, 5.43659780e+11, ...
%     6.06457309e+11, 6.70805394e+11, 8.04153234e+11, 9.43703299e+11, 1.01580417e+12, 1.08945559e+12, 1.20744796e+12, 1.30077904e+12];
% omega=[1.85442616e+10, 2.19648344e+10, 2.50603027e+10, 2.83721136e+10,...
%  3.13075440e+10, 3.40629210e+10, 3.66788450e+10, 3.91832561e+10,...
%  4.15963008e+10, 4.39330369e+10, 4.62050433e+10 ,5.05895149e+10,...
%  5.48035693e+10, 5.68585923e+10, 5.88838061e+10, 6.19905257e+10,...
%  6.43417507e+10];
t=[15.    11.8    9.924  8.364  7.324  6.44   5.56   4.94   4.27   3.68...
  3.12   2.25   1.91   1.476  1.212  1.132  0.816];
N= [1.08053012e+11 1.51591081e+11 1.97328770e+11 2.52930478e+11...
 3.07975226e+11 3.64570530e+11 4.22716390e+11 4.82412807e+11...
 5.43659780e+11 6.06457309e+11 6.70805394e+11 8.04153234e+11...
 9.43703299e+11 1.01580417e+12 1.08945559e+12 1.20744796e+12...
 1.30077904e+12];